Progress: 100%|███████████████████████████████████████████████████████████████████████████████████████████████████████████████████████████████████████████████████████████████████████████████████████| Time: 0:01:56
Unconstrained
Ns: [0.0362792, 0.0677107, 0.1621598, 0.0004761999999999998, 0.0905417, 0.297265, 0.34556739999999997]
DQls: [-10.330992104691957, -9.42204166636177, -7.364377782105727, -61.69642347057913, -8.871988924425828, -6.5844743716056415, -4.515482018077668]
QCs: [0.010401294342956544, 0.03809008727038429, 0.14241389177068664, 0.0, 0.23519362103737554, 0.4319088106594336, 1.327406948009258]
Ns_std: [0.00599033739236309, 0.009430883795099305, 0.013492882690986654, 6.268597059223786e-5, 0.010538695847339335, 0.03449907002303896, 0.039194052731602994]
DQls_std: [0.6411033020357657, 0.6712378020035011, 0.6934372534111449, 2.366273136427229, 0.6794966319034801, 0.7968337667703638, 0.49000272046370996]
QCs_std: [0.00040822391137312, 0.0015037599401967847, 0.003438258715507972, 0.0, 0.00411374196812864, 0.006538163436581625, 0.022678583564047554]
Progress: 100%|███████████████████████████████████████████████████████████████████████████████████████████████████████████████████████████████████████████████████████████████████████████████████████| Time: 0:01:49
Constrained, normal propagation
Ns: [0.1993799, 0.2090149, 0.2213798000000001, 0.0005013999999999999, 0.0984878, 0.19057809999999992, 0.0806581]
DQls: [-2.250261624117195, -2.201486550236633, -2.1799419533051725, -55.82775664536255, -5.282036457571772, -5.515267726415151, -18.935435496789975]
QCs: [0.014797563163245972, 0.04307307422481573, 0.10337854222925977, 0.0, 0.17766962184164656, 0.3179525285659132, 1.1517631227076028]
Ns_std: [0.010095425784362724, 0.009121799756510705, 0.009260801977816134, 4.807192002561886e-5, 0.009940008008227978, 0.027518717023511486, 0.010101759326413783]
DQls_std: [0.45093396530161345, 0.4367912740724137, 0.36132380382389045, 2.156927171685331, 0.5002621419103394, 0.5110525622076374, 1.9329036530218136]
QCs_std: [0.0004104079991396591, 0.001142947039484295, 0.002977697616291539, 0.0, 0.004558202422699173, 0.013661508627091723, 0.03251539840984577]
Progress: 100%|███████████████████████████████████████████████████████████████████████████████████████████████████████████████████████████████████████████████████████████████████████████████████████| Time: 0:02:35
Constrained, minimum cost propagation
Ns: [0.0349012, 0.10183589999999997, 0.20692889999999997, 0.0004871, 0.14381220000000006, 0.32866219999999996, 0.18337250000000005]
DQls: [-7.282397862279163, -5.3389889508499735, -3.7474164255889377, -58.2078783862764, -4.888380868604639, -2.0718153364675835, -4.25832656549538]
QCs: [0.0, 4.0530134154743957e-7, 0.0, 0.0, 0.0, 0.0010267346143516996, 0.2900068299135595]
Ns_std: [0.005195491241257153, 0.009969291608416132, 0.011394851311093059, 4.309193718672961e-5, 0.011419527664151581, 0.028533357108663282, 0.020641758678976725]
DQls_std: [0.48729369654144844, 0.5632413608946337, 0.5536805422048297, 2.3892034483961124, 0.5715133905238842, 0.4454101058528906, 0.5065781511911065]
QCs_std: [0.0, 4.053013415474396e-7, 0.0, 0.0, 0.0, 0.0004378367649161078, 0.011668533703377811]